match_id,group,home_team,away_team,model,p_home,p_draw,p_away,lambda_home,lambda_away
1,A,Mexico,South Africa,Elo Baseline,0.6815,0.22,0.0985,,
2,A,South Korea,UEFA Playoff D,Elo Baseline,0.39,0.22,0.39,,
3,B,Canada,UEFA Playoff A,Elo Baseline,0.39,0.22,0.39,,
4,D,United States,Paraguay,Elo Baseline,0.2685,0.22,0.5115,,
5,D,Australia,UEFA Playoff C,Elo Baseline,0.39,0.22,0.39,,
6,B,Qatar,Switzerland,Elo Baseline,0.0505,0.22,0.7295,,
7,C,Brazil,Morocco,Elo Baseline,0.5597,0.22,0.2203,,
8,C,Haiti,Scotland,Elo Baseline,0.1602,0.22,0.6198,,
9,E,Germany,Curaçao,Elo Baseline,0.7354,0.22,0.0446,,
10,F,Netherlands,Japan,Elo Baseline,0.4534,0.22,0.3266,,
11,E,Côte d'Ivoire,Ecuador,Elo Baseline,0.1447,0.22,0.6353,,
12,F,UEFA Playoff B,Tunisia,Elo Baseline,0.39,0.22,0.39,,
13,H,Spain,Cabo Verde,Elo Baseline,0.7581,0.22,0.0219,,
14,G,Belgium,Egypt,Elo Baseline,0.574,0.22,0.206,,
15,H,Saudi Arabia,Uruguay,Elo Baseline,0.1046,0.22,0.6754,,
16,G,Iran,New Zealand,Elo Baseline,0.5714,0.22,0.2086,,
17,J,Austria,Jordan,Elo Baseline,0.5363,0.22,0.2437,,
18,I,France,Senegal,Elo Baseline,0.5951,0.22,0.1849,,
19,I,FIFA Playoff 2,Norway,Elo Baseline,0.39,0.22,0.39,,
20,J,Argentina,Algeria,Elo Baseline,0.6971,0.22,0.0829,,
21,K,Portugal,FIFA Playoff 1,Elo Baseline,0.39,0.22,0.39,,
22,L,England,Croatia,Elo Baseline,0.4888,0.22,0.2912,,
23,L,Ghana,Panama,Elo Baseline,0.161,0.22,0.619,,
24,K,Uzbekistan,Colombia,Elo Baseline,0.1509,0.22,0.6291,,
25,A,UEFA Playoff D,South Africa,Elo Baseline,0.39,0.22,0.39,,
26,B,Switzerland,UEFA Playoff A,Elo Baseline,0.39,0.22,0.39,,
27,B,Canada,Qatar,Elo Baseline,0.6923,0.22,0.0877,,
28,A,Mexico,South Korea,Elo Baseline,0.5075,0.22,0.2725,,
29,D,UEFA Playoff C,Paraguay,Elo Baseline,0.39,0.22,0.39,,
30,D,United States,Australia,Elo Baseline,0.3211,0.22,0.4589,,
31,C,Scotland,Morocco,Elo Baseline,0.3288,0.22,0.4512,,
32,C,Brazil,Haiti,Elo Baseline,0.7262,0.22,0.0538,,
33,F,Tunisia,Japan,Elo Baseline,0.1374,0.22,0.6426,,
34,F,Netherlands,UEFA Playoff B,Elo Baseline,0.39,0.22,0.39,,
35,E,Germany,Côte d'Ivoire,Elo Baseline,0.6284,0.22,0.1516,,
36,E,Ecuador,Curaçao,Elo Baseline,0.7378,0.22,0.0422,,
37,H,Spain,Saudi Arabia,Elo Baseline,0.7557,0.22,0.0243,,
38,G,Belgium,Iran,Elo Baseline,0.5065,0.22,0.2735,,
39,H,Uruguay,Cabo Verde,Elo Baseline,0.6849,0.22,0.0951,,
40,G,New Zealand,Egypt,Elo Baseline,0.2766,0.22,0.5034,,
41,J,Argentina,Austria,Elo Baseline,0.6539,0.22,0.1261,,
42,I,France,FIFA Playoff 2,Elo Baseline,0.39,0.22,0.39,,
43,I,Norway,Senegal,Elo Baseline,0.428,0.22,0.352,,
44,J,Jordan,Algeria,Elo Baseline,0.331,0.22,0.449,,
45,K,Portugal,Uzbekistan,Elo Baseline,0.6353,0.22,0.1447,,
46,L,England,Ghana,Elo Baseline,0.7422,0.22,0.0378,,
47,L,Panama,Croatia,Elo Baseline,0.1932,0.22,0.5868,,
48,K,Colombia,FIFA Playoff 1,Elo Baseline,0.39,0.22,0.39,,
49,B,Switzerland,Canada,Elo Baseline,0.5044,0.22,0.2756,,
50,B,UEFA Playoff A,Qatar,Elo Baseline,0.39,0.22,0.39,,
51,C,Scotland,Brazil,Elo Baseline,0.1738,0.22,0.6062,,
52,C,Morocco,Haiti,Elo Baseline,0.6564,0.22,0.1236,,
53,A,UEFA Playoff D,Mexico,Elo Baseline,0.39,0.22,0.39,,
54,A,South Africa,South Korea,Elo Baseline,0.1654,0.22,0.6146,,
55,E,Curaçao,Côte d'Ivoire,Elo Baseline,0.1566,0.22,0.6234,,
56,E,Ecuador,Germany,Elo Baseline,0.4012,0.22,0.3788,,
57,F,Japan,UEFA Playoff B,Elo Baseline,0.39,0.22,0.39,,
58,F,Tunisia,Netherlands,Elo Baseline,0.1041,0.22,0.6759,,
59,D,United States,UEFA Playoff C,Elo Baseline,0.39,0.22,0.39,,
60,D,Paraguay,Australia,Elo Baseline,0.4457,0.22,0.3343,,
61,I,Norway,France,Elo Baseline,0.214,0.22,0.566,,
62,I,Senegal,FIFA Playoff 2,Elo Baseline,0.39,0.22,0.39,,
63,H,Cabo Verde,Saudi Arabia,Elo Baseline,0.3687,0.22,0.4113,,
64,H,Uruguay,Spain,Elo Baseline,0.1342,0.22,0.6458,,
65,G,Egypt,Iran,Elo Baseline,0.3114,0.22,0.4686,,
66,G,New Zealand,Belgium,Elo Baseline,0.1285,0.22,0.6515,,
67,L,Panama,England,Elo Baseline,0.1279,0.22,0.6521,,
68,L,Croatia,Ghana,Elo Baseline,0.7185,0.22,0.0615,,
69,K,Colombia,Portugal,Elo Baseline,0.3799,0.22,0.4001,,
70,K,FIFA Playoff 1,Uzbekistan,Elo Baseline,0.39,0.22,0.39,,
71,J,Algeria,Austria,Elo Baseline,0.2975,0.22,0.4825,,
72,J,Jordan,Argentina,Elo Baseline,0.0628,0.22,0.7172,,
1,A,Mexico,South Africa,LR,0.4219,0.3889,0.1892,,
2,A,South Korea,UEFA Playoff D,LR,0.313,0.3265,0.3605,,
3,B,Canada,UEFA Playoff A,LR,0.3229,0.3549,0.3222,,
4,D,United States,Paraguay,LR,0.2223,0.3018,0.4759,,
5,D,Australia,UEFA Playoff C,LR,0.2849,0.3395,0.3755,,
6,B,Qatar,Switzerland,LR,0.0756,0.1929,0.7315,,
7,C,Brazil,Morocco,LR,0.352,0.342,0.306,,
8,C,Haiti,Scotland,LR,0.1381,0.2749,0.5871,,
9,E,Germany,Curaçao,LR,0.807,0.1582,0.0348,,
10,F,Netherlands,Japan,LR,0.314,0.3245,0.3615,,
11,E,Côte d'Ivoire,Ecuador,LR,0.2033,0.3749,0.4218,,
12,F,UEFA Playoff B,Tunisia,LR,0.3086,0.272,0.4194,,
13,H,Spain,Cabo Verde,LR,0.6168,0.2742,0.109,,
14,G,Belgium,Egypt,LR,0.4269,0.3147,0.2584,,
15,H,Saudi Arabia,Uruguay,LR,0.085,0.2495,0.6654,,
16,G,Iran,New Zealand,LR,0.6442,0.2517,0.1042,,
17,J,Austria,Jordan,LR,0.5447,0.2957,0.1595,,
18,I,France,Senegal,LR,0.4027,0.3,0.2972,,
19,I,FIFA Playoff 2,Norway,LR,0.2159,0.3079,0.4762,,
20,J,Argentina,Algeria,LR,0.5155,0.3478,0.1367,,
21,K,Portugal,FIFA Playoff 1,LR,0.3356,0.2837,0.3807,,
22,L,England,Croatia,LR,0.3987,0.3463,0.2549,,
23,L,Ghana,Panama,LR,0.3139,0.296,0.3901,,
24,K,Uzbekistan,Colombia,LR,0.0743,0.2548,0.6708,,
25,A,UEFA Playoff D,South Africa,LR,0.2369,0.33,0.4332,,
26,B,Switzerland,UEFA Playoff A,LR,0.2841,0.3133,0.4026,,
27,B,Canada,Qatar,LR,0.5039,0.3496,0.1465,,
28,A,Mexico,South Korea,LR,0.326,0.3941,0.2799,,
29,D,UEFA Playoff C,Paraguay,LR,0.2129,0.3584,0.4286,,
30,D,United States,Australia,LR,0.2784,0.3067,0.4149,,
31,C,Scotland,Morocco,LR,0.1271,0.2828,0.5901,,
32,C,Brazil,Haiti,LR,0.7979,0.1671,0.035,,
33,F,Tunisia,Japan,LR,0.0852,0.2443,0.6705,,
34,F,Netherlands,UEFA Playoff B,LR,0.3419,0.2898,0.3683,,
35,E,Germany,Côte d'Ivoire,LR,0.4019,0.3526,0.2455,,
36,E,Ecuador,Curaçao,LR,0.5933,0.3209,0.0857,,
37,H,Spain,Saudi Arabia,LR,0.7435,0.2082,0.0483,,
38,G,Belgium,Iran,LR,0.3637,0.3396,0.2966,,
39,H,Uruguay,Cabo Verde,LR,0.4099,0.3732,0.2169,,
40,G,New Zealand,Egypt,LR,0.1121,0.2323,0.6556,,
41,J,Argentina,Austria,LR,0.4116,0.3786,0.2098,,
42,I,France,FIFA Playoff 2,LR,0.3372,0.2797,0.3831,,
43,I,Norway,Senegal,LR,0.2452,0.2799,0.4749,,
44,J,Jordan,Algeria,LR,0.109,0.2675,0.6235,,
45,K,Portugal,Uzbekistan,LR,0.6122,0.2511,0.1367,,
46,L,England,Ghana,LR,0.6066,0.2951,0.0983,,
47,L,Panama,Croatia,LR,0.077,0.2331,0.6899,,
48,K,Colombia,FIFA Playoff 1,LR,0.3146,0.3186,0.3668,,
49,B,Switzerland,Canada,LR,0.3301,0.3117,0.3581,,
50,B,UEFA Playoff A,Qatar,LR,0.38,0.2784,0.3416,,
51,C,Scotland,Brazil,LR,0.0441,0.1931,0.7628,,
52,C,Morocco,Haiti,LR,0.5988,0.2777,0.1236,,
53,A,UEFA Playoff D,Mexico,LR,0.185,0.3834,0.4316,,
54,A,South Africa,South Korea,LR,0.1583,0.3271,0.5146,,
55,E,Curaçao,Côte d'Ivoire,LR,0.0393,0.2089,0.7518,,
56,E,Ecuador,Germany,LR,0.0986,0.3446,0.5569,,
57,F,Japan,UEFA Playoff B,LR,0.4163,0.3101,0.2736,,
58,F,Tunisia,Netherlands,LR,0.0818,0.2258,0.6924,,
59,D,United States,UEFA Playoff C,LR,0.2409,0.3151,0.444,,
60,D,Paraguay,Australia,LR,0.2884,0.3715,0.3401,,
61,I,Norway,France,LR,0.1179,0.2333,0.6487,,
62,I,Senegal,FIFA Playoff 2,LR,0.3176,0.3295,0.3529,,
63,H,Cabo Verde,Saudi Arabia,LR,0.2726,0.3598,0.3676,,
64,H,Uruguay,Spain,LR,0.0923,0.2636,0.6442,,
65,G,Egypt,Iran,LR,0.1718,0.3726,0.4556,,
66,G,New Zealand,Belgium,LR,0.0424,0.1691,0.7885,,
67,L,Panama,England,LR,0.0205,0.1288,0.8506,,
68,L,Croatia,Ghana,LR,0.4978,0.3185,0.1837,,
69,K,Colombia,Portugal,LR,0.1887,0.342,0.4693,,
70,K,FIFA Playoff 1,Uzbekistan,LR,0.2913,0.2846,0.4241,,
71,J,Algeria,Austria,LR,0.1411,0.3262,0.5327,,
72,J,Jordan,Argentina,LR,0.022,0.1465,0.8315,,
1,A,Mexico,South Africa,Poisson,0.4642,0.3353,0.2005,1.047,0.578
2,A,South Korea,UEFA Playoff D,Poisson,0.2003,0.5993,0.2003,0.3,0.3
3,B,Canada,UEFA Playoff A,Poisson,0.2003,0.5993,0.2003,0.3,0.3
4,D,United States,Paraguay,Poisson,0.2208,0.2433,0.5359,0.977,1.668
5,D,Australia,UEFA Playoff C,Poisson,0.2003,0.5993,0.2003,0.3,0.3
6,B,Qatar,Switzerland,Poisson,0.0373,0.0752,0.8875,0.741,3.704
7,C,Brazil,Morocco,Poisson,0.163,0.2902,0.5468,0.572,1.307
8,C,Haiti,Scotland,Poisson,0.3142,0.222,0.4638,1.53,1.893
9,E,Germany,Curaçao,Poisson,0.6915,0.1652,0.1433,2.629,1.14
10,F,Netherlands,Japan,Poisson,0.1956,0.2413,0.5631,0.881,1.682
11,E,Côte d'Ivoire,Ecuador,Poisson,0.1929,0.5069,0.3001,0.347,0.498
12,F,UEFA Playoff B,Tunisia,Poisson,0.2003,0.5993,0.2003,0.3,0.3
13,H,Spain,Cabo Verde,Poisson,0.7477,0.1591,0.0932,2.424,0.731
14,G,Belgium,Egypt,Poisson,0.5808,0.2383,0.1809,1.702,0.83
15,H,Saudi Arabia,Uruguay,Poisson,0.1589,0.3249,0.5161,0.485,1.124
16,G,Iran,New Zealand,Poisson,0.6043,0.211,0.1846,2.013,1.017
17,J,Austria,Jordan,Poisson,0.806,0.1251,0.0689,2.843,0.733
18,I,France,Senegal,Poisson,0.3617,0.2385,0.3998,1.504,1.592
19,I,FIFA Playoff 2,Norway,Poisson,0.2003,0.5993,0.2003,0.3,0.3
20,J,Argentina,Algeria,Poisson,0.5461,0.2965,0.1574,1.271,0.538
21,K,Portugal,FIFA Playoff 1,Poisson,0.2003,0.5993,0.2003,0.3,0.3
22,L,England,Croatia,Poisson,0.6614,0.2102,0.1284,1.908,0.697
23,L,Ghana,Panama,Poisson,0.1516,0.2023,0.6462,0.881,2.058
24,K,Uzbekistan,Colombia,Poisson,0.1914,0.2622,0.5464,0.766,1.497
25,A,UEFA Playoff D,South Africa,Poisson,0.2003,0.5993,0.2003,0.3,0.3
26,B,Switzerland,UEFA Playoff A,Poisson,0.2003,0.5993,0.2003,0.3,0.3
27,B,Canada,Qatar,Poisson,0.8574,0.1106,0.032,2.612,0.345
28,A,Mexico,South Korea,Poisson,0.4281,0.308,0.2639,1.131,0.819
29,D,UEFA Playoff C,Paraguay,Poisson,0.2003,0.5993,0.2003,0.3,0.3
30,D,United States,Australia,Poisson,0.1979,0.2271,0.575,0.974,1.832
31,C,Scotland,Morocco,Poisson,0.0706,0.1898,0.7396,0.417,1.928
32,C,Brazil,Haiti,Poisson,0.5626,0.2087,0.2287,2.104,1.282
33,F,Tunisia,Japan,Poisson,0.0405,0.1214,0.8381,0.403,2.55
34,F,Netherlands,UEFA Playoff B,Poisson,0.2003,0.5993,0.2003,0.3,0.3
35,E,Germany,Côte d'Ivoire,Poisson,0.3901,0.2851,0.3247,1.201,1.069
36,E,Ecuador,Curaçao,Poisson,0.5033,0.353,0.1437,1.011,0.399
37,H,Spain,Saudi Arabia,Poisson,0.8682,0.0917,0.0401,3.19,0.595
38,G,Belgium,Iran,Poisson,0.4309,0.243,0.3261,1.599,1.362
39,H,Uruguay,Cabo Verde,Poisson,0.3485,0.3768,0.2747,0.778,0.654
40,G,New Zealand,Egypt,Poisson,0.3174,0.2816,0.401,1.07,1.24
41,J,Argentina,Austria,Poisson,0.6152,0.2491,0.1357,1.572,0.583
42,I,France,FIFA Playoff 2,Poisson,0.2003,0.5993,0.2003,0.3,0.3
43,I,Norway,Senegal,Poisson,0.4392,0.2353,0.3256,1.695,1.431
44,J,Jordan,Algeria,Poisson,0.0754,0.1484,0.7762,0.631,2.464
45,K,Portugal,Uzbekistan,Poisson,0.6175,0.2337,0.1488,1.713,0.7
46,L,England,Ghana,Poisson,0.8348,0.1249,0.0403,2.492,0.385
47,L,Panama,Croatia,Poisson,0.1962,0.2018,0.602,1.161,2.164
48,K,Colombia,FIFA Playoff 1,Poisson,0.2003,0.5993,0.2003,0.3,0.3
49,B,Switzerland,Canada,Poisson,0.2498,0.2779,0.4723,0.9,1.351
50,B,UEFA Playoff A,Qatar,Poisson,0.2003,0.5993,0.2003,0.3,0.3
51,C,Scotland,Brazil,Poisson,0.162,0.197,0.6409,0.986,2.157
52,C,Morocco,Haiti,Poisson,0.786,0.1545,0.0595,2.253,0.452
53,A,UEFA Playoff D,Mexico,Poisson,0.2003,0.5993,0.2003,0.3,0.3
54,A,South Africa,South Korea,Poisson,0.2326,0.2927,0.4747,0.788,1.259
55,E,Curaçao,Côte d'Ivoire,Poisson,0.1061,0.2111,0.6828,0.563,1.842
56,E,Ecuador,Germany,Poisson,0.3341,0.38,0.2859,0.748,0.667
57,F,Japan,UEFA Playoff B,Poisson,0.2003,0.5993,0.2003,0.3,0.3
58,F,Tunisia,Netherlands,Poisson,0.0886,0.1383,0.773,0.855,2.778
59,D,United States,UEFA Playoff C,Poisson,0.2003,0.5993,0.2003,0.3,0.3
60,D,Paraguay,Australia,Poisson,0.3067,0.3343,0.3589,0.826,0.921
61,I,Norway,France,Poisson,0.4513,0.2139,0.3348,1.997,1.705
62,I,Senegal,FIFA Playoff 2,Poisson,0.2003,0.5993,0.2003,0.3,0.3
63,H,Cabo Verde,Saudi Arabia,Poisson,0.4646,0.297,0.2384,1.226,0.789
64,H,Uruguay,Spain,Poisson,0.0549,0.1486,0.7966,0.435,2.295
65,G,Egypt,Iran,Poisson,0.205,0.3226,0.4724,0.619,1.106
66,G,New Zealand,Belgium,Poisson,0.1046,0.1243,0.7711,1.258,3.353
67,L,Panama,England,Poisson,0.0468,0.119,0.8342,0.491,2.673
68,L,Croatia,Ghana,Poisson,0.7041,0.1782,0.1178,2.27,0.808
69,K,Colombia,Portugal,Poisson,0.2687,0.2242,0.5071,1.325,1.891
70,K,FIFA Playoff 1,Uzbekistan,Poisson,0.2003,0.5993,0.2003,0.3,0.3
71,J,Algeria,Austria,Poisson,0.347,0.2945,0.3586,1.069,1.092
72,J,Jordan,Argentina,Poisson,0.0154,0.0574,0.9271,0.35,3.492
1,A,Mexico,South Africa,Ensemble,0.443,0.3621,0.1949,1.047,0.578
2,A,South Korea,UEFA Playoff D,Ensemble,0.2567,0.4629,0.2804,0.3,0.3
3,B,Canada,UEFA Playoff A,Ensemble,0.2616,0.4771,0.2613,0.3,0.3
4,D,United States,Paraguay,Ensemble,0.2216,0.2725,0.5059,0.977,1.668
5,D,Australia,UEFA Playoff C,Ensemble,0.2426,0.4694,0.2879,0.3,0.3
6,B,Qatar,Switzerland,Ensemble,0.0565,0.1341,0.8095,0.741,3.704
7,C,Brazil,Morocco,Ensemble,0.2575,0.3161,0.4264,0.572,1.307
8,C,Haiti,Scotland,Ensemble,0.2261,0.2484,0.5254,1.53,1.893
9,E,Germany,Curaçao,Ensemble,0.7492,0.1617,0.089,2.629,1.14
10,F,Netherlands,Japan,Ensemble,0.2548,0.2829,0.4623,0.881,1.682
11,E,Côte d'Ivoire,Ecuador,Ensemble,0.1981,0.4409,0.361,0.347,0.498
12,F,UEFA Playoff B,Tunisia,Ensemble,0.2545,0.4357,0.3099,0.3,0.3
13,H,Spain,Cabo Verde,Ensemble,0.6822,0.2167,0.1011,2.424,0.731
14,G,Belgium,Egypt,Ensemble,0.5039,0.2765,0.2197,1.702,0.83
15,H,Saudi Arabia,Uruguay,Ensemble,0.122,0.2872,0.5908,0.485,1.124
16,G,Iran,New Zealand,Ensemble,0.6243,0.2313,0.1444,2.013,1.017
17,J,Austria,Jordan,Ensemble,0.6754,0.2104,0.1142,2.843,0.733
18,I,France,Senegal,Ensemble,0.3822,0.2693,0.3485,1.504,1.592
19,I,FIFA Playoff 2,Norway,Ensemble,0.2081,0.4536,0.3383,0.3,0.3
20,J,Argentina,Algeria,Ensemble,0.5308,0.3222,0.147,1.271,0.538
21,K,Portugal,FIFA Playoff 1,Ensemble,0.268,0.4415,0.2905,0.3,0.3
22,L,England,Croatia,Ensemble,0.5301,0.2783,0.1917,1.908,0.697
23,L,Ghana,Panama,Ensemble,0.2327,0.2492,0.5181,0.881,2.058
24,K,Uzbekistan,Colombia,Ensemble,0.1329,0.2585,0.6086,0.766,1.497
25,A,UEFA Playoff D,South Africa,Ensemble,0.2186,0.4647,0.3167,0.3,0.3
26,B,Switzerland,UEFA Playoff A,Ensemble,0.2422,0.4563,0.3015,0.3,0.3
27,B,Canada,Qatar,Ensemble,0.6806,0.2301,0.0893,2.612,0.345
28,A,Mexico,South Korea,Ensemble,0.3771,0.351,0.2719,1.131,0.819
29,D,UEFA Playoff C,Paraguay,Ensemble,0.2066,0.4789,0.3145,0.3,0.3
30,D,United States,Australia,Ensemble,0.2382,0.2669,0.4949,0.974,1.832
31,C,Scotland,Morocco,Ensemble,0.0988,0.2363,0.6648,0.417,1.928
32,C,Brazil,Haiti,Ensemble,0.6802,0.1879,0.1319,2.104,1.282
33,F,Tunisia,Japan,Ensemble,0.0628,0.1829,0.7543,0.403,2.55
34,F,Netherlands,UEFA Playoff B,Ensemble,0.2711,0.4446,0.2843,0.3,0.3
35,E,Germany,Côte d'Ivoire,Ensemble,0.396,0.3189,0.2851,1.201,1.069
36,E,Ecuador,Curaçao,Ensemble,0.5483,0.337,0.1147,1.011,0.399
37,H,Spain,Saudi Arabia,Ensemble,0.8059,0.15,0.0442,3.19,0.595
38,G,Belgium,Iran,Ensemble,0.3973,0.2913,0.3114,1.599,1.362
39,H,Uruguay,Cabo Verde,Ensemble,0.3792,0.375,0.2458,0.778,0.654
40,G,New Zealand,Egypt,Ensemble,0.2148,0.2569,0.5283,1.07,1.24
41,J,Argentina,Austria,Ensemble,0.5134,0.3139,0.1728,1.572,0.583
42,I,France,FIFA Playoff 2,Ensemble,0.2687,0.4395,0.2917,0.3,0.3
43,I,Norway,Senegal,Ensemble,0.3422,0.2576,0.4002,1.695,1.431
44,J,Jordan,Algeria,Ensemble,0.0922,0.208,0.6998,0.631,2.464
45,K,Portugal,Uzbekistan,Ensemble,0.6149,0.2424,0.1427,1.713,0.7
46,L,England,Ghana,Ensemble,0.7207,0.21,0.0693,2.492,0.385
47,L,Panama,Croatia,Ensemble,0.1366,0.2175,0.6459,1.161,2.164
48,K,Colombia,FIFA Playoff 1,Ensemble,0.2575,0.459,0.2835,0.3,0.3
49,B,Switzerland,Canada,Ensemble,0.29,0.2948,0.4152,0.9,1.351
50,B,UEFA Playoff A,Qatar,Ensemble,0.2902,0.4389,0.2709,0.3,0.3
51,C,Scotland,Brazil,Ensemble,0.1031,0.195,0.7019,0.986,2.157
52,C,Morocco,Haiti,Ensemble,0.6924,0.2161,0.0915,2.253,0.452
53,A,UEFA Playoff D,Mexico,Ensemble,0.1926,0.4914,0.316,0.3,0.3
54,A,South Africa,South Korea,Ensemble,0.1954,0.3099,0.4947,0.788,1.259
55,E,Curaçao,Côte d'Ivoire,Ensemble,0.0727,0.21,0.7173,0.563,1.842
56,E,Ecuador,Germany,Ensemble,0.2163,0.3623,0.4214,0.748,0.667
57,F,Japan,UEFA Playoff B,Ensemble,0.3083,0.4547,0.237,0.3,0.3
58,F,Tunisia,Netherlands,Ensemble,0.0852,0.182,0.7327,0.855,2.778
59,D,United States,UEFA Playoff C,Ensemble,0.2206,0.4572,0.3222,0.3,0.3
60,D,Paraguay,Australia,Ensemble,0.2976,0.3529,0.3495,0.826,0.921
61,I,Norway,France,Ensemble,0.2846,0.2236,0.4918,1.997,1.705
62,I,Senegal,FIFA Playoff 2,Ensemble,0.2589,0.4644,0.2766,0.3,0.3
63,H,Cabo Verde,Saudi Arabia,Ensemble,0.3686,0.3284,0.303,1.226,0.789
64,H,Uruguay,Spain,Ensemble,0.0736,0.2061,0.7203,0.435,2.295
65,G,Egypt,Iran,Ensemble,0.1884,0.3476,0.464,0.619,1.106
66,G,New Zealand,Belgium,Ensemble,0.0735,0.1467,0.7798,1.258,3.353
67,L,Panama,England,Ensemble,0.0337,0.1239,0.8424,0.491,2.673
68,L,Croatia,Ghana,Ensemble,0.6009,0.2483,0.1508,2.27,0.808
69,K,Colombia,Portugal,Ensemble,0.2287,0.2831,0.4882,1.325,1.891
70,K,FIFA Playoff 1,Uzbekistan,Ensemble,0.2458,0.442,0.3122,0.3,0.3
71,J,Algeria,Austria,Ensemble,0.2441,0.3103,0.4456,1.069,1.092
72,J,Jordan,Argentina,Ensemble,0.0187,0.102,0.8793,0.35,3.492
1,A,Mexico,South Africa,Random Forest,0.463,0.3549,0.1821,,
2,A,South Korea,UEFA Playoff D,Random Forest,0.3412,0.3697,0.2891,,
3,B,Canada,UEFA Playoff A,Random Forest,0.3382,0.3731,0.2887,,
4,D,United States,Paraguay,Random Forest,0.2722,0.3673,0.3605,,
5,D,Australia,UEFA Playoff C,Random Forest,0.3338,0.3679,0.2984,,
6,B,Qatar,Switzerland,Random Forest,0.1777,0.3274,0.4949,,
7,C,Brazil,Morocco,Random Forest,0.4131,0.3206,0.2663,,
8,C,Haiti,Scotland,Random Forest,0.1509,0.3405,0.5085,,
9,E,Germany,Curaçao,Random Forest,0.6417,0.2217,0.1366,,
10,F,Netherlands,Japan,Random Forest,0.4253,0.3536,0.2211,,
11,E,Côte d'Ivoire,Ecuador,Random Forest,0.2869,0.3758,0.3373,,
12,F,UEFA Playoff B,Tunisia,Random Forest,0.3332,0.3462,0.3205,,
13,H,Spain,Cabo Verde,Random Forest,0.5404,0.2926,0.167,,
14,G,Belgium,Egypt,Random Forest,0.4527,0.3305,0.2169,,
15,H,Saudi Arabia,Uruguay,Random Forest,0.2098,0.3471,0.443,,
16,G,Iran,New Zealand,Random Forest,0.6615,0.2295,0.1089,,
17,J,Austria,Jordan,Random Forest,0.5894,0.261,0.1496,,
18,I,France,Senegal,Random Forest,0.4361,0.329,0.2349,,
19,I,FIFA Playoff 2,Norway,Random Forest,0.2387,0.3584,0.4029,,
20,J,Argentina,Algeria,Random Forest,0.4964,0.3357,0.1678,,
21,K,Portugal,FIFA Playoff 1,Random Forest,0.3575,0.3486,0.2939,,
22,L,England,Croatia,Random Forest,0.3961,0.3733,0.2306,,
23,L,Ghana,Panama,Random Forest,0.3517,0.3319,0.3165,,
24,K,Uzbekistan,Colombia,Random Forest,0.1368,0.3263,0.5368,,
25,A,UEFA Playoff D,South Africa,Random Forest,0.2703,0.3701,0.3596,,
26,B,Switzerland,UEFA Playoff A,Random Forest,0.3386,0.3429,0.3185,,
27,B,Canada,Qatar,Random Forest,0.464,0.3403,0.1957,,
28,A,Mexico,South Korea,Random Forest,0.3216,0.4008,0.2776,,
29,D,UEFA Playoff C,Paraguay,Random Forest,0.2509,0.3678,0.3813,,
30,D,United States,Australia,Random Forest,0.3251,0.3346,0.3404,,
31,C,Scotland,Morocco,Random Forest,0.2012,0.3726,0.4261,,
32,C,Brazil,Haiti,Random Forest,0.6495,0.2213,0.1293,,
33,F,Tunisia,Japan,Random Forest,0.1666,0.3268,0.5067,,
34,F,Netherlands,UEFA Playoff B,Random Forest,0.3562,0.3504,0.2934,,
35,E,Germany,Côte d'Ivoire,Random Forest,0.4801,0.2943,0.2256,,
36,E,Ecuador,Curaçao,Random Forest,0.559,0.2721,0.1689,,
37,H,Spain,Saudi Arabia,Random Forest,0.6702,0.2277,0.1021,,
38,G,Belgium,Iran,Random Forest,0.4332,0.3247,0.2421,,
39,H,Uruguay,Cabo Verde,Random Forest,0.3966,0.3684,0.2349,,
40,G,New Zealand,Egypt,Random Forest,0.1573,0.3454,0.4973,,
41,J,Argentina,Austria,Random Forest,0.4527,0.3143,0.233,,
42,I,France,FIFA Playoff 2,Random Forest,0.3521,0.3472,0.3007,,
43,I,Norway,Senegal,Random Forest,0.2434,0.3701,0.3865,,
44,J,Jordan,Algeria,Random Forest,0.1443,0.3239,0.5318,,
45,K,Portugal,Uzbekistan,Random Forest,0.5781,0.2516,0.1703,,
46,L,England,Ghana,Random Forest,0.5719,0.2775,0.1506,,
47,L,Panama,Croatia,Random Forest,0.174,0.3196,0.5064,,
48,K,Colombia,FIFA Playoff 1,Random Forest,0.3471,0.3495,0.3035,,
49,B,Switzerland,Canada,Random Forest,0.3843,0.3166,0.2992,,
50,B,UEFA Playoff A,Qatar,Random Forest,0.3877,0.338,0.2743,,
51,C,Scotland,Brazil,Random Forest,0.1447,0.32,0.5353,,
52,C,Morocco,Haiti,Random Forest,0.5366,0.2772,0.1861,,
53,A,UEFA Playoff D,Mexico,Random Forest,0.234,0.3663,0.3998,,
54,A,South Africa,South Korea,Random Forest,0.1941,0.3628,0.4431,,
55,E,Curaçao,Côte d'Ivoire,Random Forest,0.121,0.2989,0.5801,,
56,E,Ecuador,Germany,Random Forest,0.1531,0.3646,0.4823,,
57,F,Japan,UEFA Playoff B,Random Forest,0.3604,0.3631,0.2764,,
58,F,Tunisia,Netherlands,Random Forest,0.1341,0.3032,0.5627,,
59,D,United States,UEFA Playoff C,Random Forest,0.3269,0.3362,0.337,,
60,D,Paraguay,Australia,Random Forest,0.2944,0.3851,0.3205,,
61,I,Norway,France,Random Forest,0.1542,0.3432,0.5025,,
62,I,Senegal,FIFA Playoff 2,Random Forest,0.348,0.3509,0.3011,,
63,H,Cabo Verde,Saudi Arabia,Random Forest,0.3368,0.3753,0.2879,,
64,H,Uruguay,Spain,Random Forest,0.1506,0.3312,0.5182,,
65,G,Egypt,Iran,Random Forest,0.2122,0.3857,0.4021,,
66,G,New Zealand,Belgium,Random Forest,0.1068,0.2849,0.6083,,
67,L,Panama,England,Random Forest,0.13,0.267,0.603,,
68,L,Croatia,Ghana,Random Forest,0.5033,0.3045,0.1921,,
69,K,Colombia,Portugal,Random Forest,0.2109,0.3822,0.4068,,
70,K,FIFA Playoff 1,Uzbekistan,Random Forest,0.2966,0.3633,0.3401,,
71,J,Algeria,Austria,Random Forest,0.1937,0.3733,0.433,,
72,J,Jordan,Argentina,Random Forest,0.0947,0.2581,0.6472,,
1,A,Mexico,South Africa,XGBoost,0.5527,0.3327,0.1146,,
2,A,South Korea,UEFA Playoff D,XGBoost,0.5308,0.2169,0.2522,,
3,B,Canada,UEFA Playoff A,XGBoost,0.5257,0.234,0.2403,,
4,D,United States,Paraguay,XGBoost,0.3073,0.2668,0.4259,,
5,D,Australia,UEFA Playoff C,XGBoost,0.5274,0.2269,0.2456,,
6,B,Qatar,Switzerland,XGBoost,0.1456,0.2694,0.585,,
7,C,Brazil,Morocco,XGBoost,0.5856,0.188,0.2264,,
8,C,Haiti,Scotland,XGBoost,0.2067,0.2264,0.5669,,
9,E,Germany,Curaçao,XGBoost,0.8696,0.0834,0.0469,,
10,F,Netherlands,Japan,XGBoost,0.5483,0.2415,0.2102,,
11,E,Côte d'Ivoire,Ecuador,XGBoost,0.4493,0.2508,0.2998,,
12,F,UEFA Playoff B,Tunisia,XGBoost,0.4258,0.2068,0.3674,,
13,H,Spain,Cabo Verde,XGBoost,0.7776,0.1643,0.0581,,
14,G,Belgium,Egypt,XGBoost,0.5905,0.2635,0.146,,
15,H,Saudi Arabia,Uruguay,XGBoost,0.2296,0.1902,0.5802,,
16,G,Iran,New Zealand,XGBoost,0.823,0.113,0.064,,
17,J,Austria,Jordan,XGBoost,0.7228,0.1852,0.092,,
18,I,France,Senegal,XGBoost,0.608,0.1778,0.2142,,
19,I,FIFA Playoff 2,Norway,XGBoost,0.3117,0.201,0.4873,,
20,J,Argentina,Algeria,XGBoost,0.6366,0.2644,0.099,,
21,K,Portugal,FIFA Playoff 1,XGBoost,0.5737,0.1814,0.2448,,
22,L,England,Croatia,XGBoost,0.4953,0.2674,0.2374,,
23,L,Ghana,Panama,XGBoost,0.4746,0.2078,0.3176,,
24,K,Uzbekistan,Colombia,XGBoost,0.1762,0.2928,0.531,,
25,A,UEFA Playoff D,South Africa,XGBoost,0.3336,0.2603,0.4061,,
26,B,Switzerland,UEFA Playoff A,XGBoost,0.5126,0.177,0.3105,,
27,B,Canada,Qatar,XGBoost,0.5831,0.2581,0.1587,,
28,A,Mexico,South Korea,XGBoost,0.4061,0.342,0.2519,,
29,D,UEFA Playoff C,Paraguay,XGBoost,0.3079,0.2544,0.4377,,
30,D,United States,Australia,XGBoost,0.3947,0.208,0.3972,,
31,C,Scotland,Morocco,XGBoost,0.2525,0.2832,0.4643,,
32,C,Brazil,Haiti,XGBoost,0.8084,0.137,0.0545,,
33,F,Tunisia,Japan,XGBoost,0.1661,0.3164,0.5175,,
34,F,Netherlands,UEFA Playoff B,XGBoost,0.5878,0.1825,0.2298,,
35,E,Germany,Côte d'Ivoire,XGBoost,0.7025,0.1963,0.1013,,
36,E,Ecuador,Curaçao,XGBoost,0.636,0.2607,0.1033,,
37,H,Spain,Saudi Arabia,XGBoost,0.8527,0.1064,0.041,,
38,G,Belgium,Iran,XGBoost,0.5192,0.2511,0.2297,,
39,H,Uruguay,Cabo Verde,XGBoost,0.5675,0.2825,0.15,,
40,G,New Zealand,Egypt,XGBoost,0.2201,0.2158,0.5641,,
41,J,Argentina,Austria,XGBoost,0.5814,0.2289,0.1897,,
42,I,France,FIFA Playoff 2,XGBoost,0.5431,0.1759,0.281,,
43,I,Norway,Senegal,XGBoost,0.3893,0.2397,0.371,,
44,J,Jordan,Algeria,XGBoost,0.1577,0.2929,0.5495,,
45,K,Portugal,Uzbekistan,XGBoost,0.7697,0.1018,0.1285,,
46,L,England,Ghana,XGBoost,0.7225,0.2047,0.0728,,
47,L,Panama,Croatia,XGBoost,0.1629,0.2433,0.5938,,
48,K,Colombia,FIFA Playoff 1,XGBoost,0.5207,0.1945,0.2849,,
49,B,Switzerland,Canada,XGBoost,0.5618,0.1715,0.2668,,
50,B,UEFA Playoff A,Qatar,XGBoost,0.5372,0.1762,0.2866,,
51,C,Scotland,Brazil,XGBoost,0.1533,0.2253,0.6214,,
52,C,Morocco,Haiti,XGBoost,0.6533,0.2045,0.1421,,
53,A,UEFA Playoff D,Mexico,XGBoost,0.2628,0.2546,0.4826,,
54,A,South Africa,South Korea,XGBoost,0.224,0.2686,0.5074,,
55,E,Curaçao,Côte d'Ivoire,XGBoost,0.0861,0.2449,0.669,,
56,E,Ecuador,Germany,XGBoost,0.1597,0.3407,0.4996,,
57,F,Japan,UEFA Playoff B,XGBoost,0.5505,0.2231,0.2264,,
58,F,Tunisia,Netherlands,XGBoost,0.1296,0.2508,0.6196,,
59,D,United States,UEFA Playoff C,XGBoost,0.4329,0.2095,0.3576,,
60,D,Paraguay,Australia,XGBoost,0.383,0.3019,0.3151,,
61,I,Norway,France,XGBoost,0.2283,0.2417,0.5299,,
62,I,Senegal,FIFA Playoff 2,XGBoost,0.5728,0.1829,0.2443,,
63,H,Cabo Verde,Saudi Arabia,XGBoost,0.393,0.2721,0.3349,,
64,H,Uruguay,Spain,XGBoost,0.1656,0.2069,0.6275,,
65,G,Egypt,Iran,XGBoost,0.2271,0.3558,0.4172,,
66,G,New Zealand,Belgium,XGBoost,0.1034,0.23,0.6666,,
67,L,Panama,England,XGBoost,0.0884,0.1947,0.7169,,
68,L,Croatia,Ghana,XGBoost,0.7257,0.1668,0.1075,,
69,K,Colombia,Portugal,XGBoost,0.2212,0.2838,0.495,,
70,K,FIFA Playoff 1,Uzbekistan,XGBoost,0.3748,0.2223,0.4028,,
71,J,Algeria,Austria,XGBoost,0.2325,0.2588,0.5087,,
72,J,Jordan,Argentina,XGBoost,0.0559,0.164,0.7801,,
